1 1 38 1 7 38
7 7 38 7 1 38
1 1 38 7 1 38
7 7 38 1 7 38
1 1 39 1 7 39
7 7 39 7 1 39
1 1 39 7 1 39
7 7 39 1 7 39
1 1 38 1 1 39
1 7 39 1 7 38
1 1 38 1 7 38
1 1 39 1 7 39
7 1 38 7 1 39
7 7 39 7 7 38
7 1 38 7 7 38
7 1 39 7 7 39
7 7 38 7 7 39
1 7 39 1 7 38
1 7 38 7 7 38
1 7 39 7 7 39
7 1 38 7 1 39
1 1 39 1 1 38
1 1 38 7 1 38
1 1 39 7 1 39
1 1 40 1 7 40
7 7 40 7 1 40
1 1 40 7 1 40
7 7 40 1 7 40
1 1 41 1 7 41
7 7 41 7 1 41
1 1 41 7 1 41
7 7 41 1 7 41
1 1 40 1 1 41
1 7 41 1 7 40
1 1 40 1 7 40
1 1 41 1 7 41
7 1 40 7 1 41
7 7 41 7 7 40
7 1 40 7 7 40
7 1 41 7 7 41
7 7 40 7 7 41
1 7 41 1 7 40
1 7 40 7 7 40
1 7 41 7 7 41
7 1 40 7 1 41
1 1 41 1 1 40
1 1 40 7 1 40
1 1 41 7 1 41
-1 -1 38 -1 -7 38
-7 -7 38 -7 -1 38
-1 -1 38 -7 -1 38
-7 -7 38 -1 -7 38
-1 -1 39 -1 -7 39
-7 -7 39 -7 -1 39
-1 -1 39 -7 -1 39
-7 -7 39 -1 -7 39
-1 -1 38 -1 -1 39
-1 -7 39 -1 -7 38
-1 -1 38 -1 -7 38
-1 -1 39 -1 -7 39
-7 -1 38 -7 -1 39
-7 -7 39 -7 -7 38
-7 -1 38 -7 -7 38
-7 -1 39 -7 -7 39
-7 -7 38 -7 -7 39
-1 -7 39 -1 -7 38
-1 -7 38 -7 -7 38
-1 -7 39 -7 -7 39
-7 -1 38 -7 -1 39
-1 -1 39 -1 -1 38
-1 -1 38 -7 -1 38
-1 -1 39 -7 -1 39
-1 -1 40 -1 -7 40
-7 -7 40 -7 -1 40
-1 -1 40 -7 -1 40
-7 -7 40 -1 -7 40
-1 -1 41 -1 -7 41
-7 -7 41 -7 -1 41
-1 -1 41 -7 -1 41
-7 -7 41 -1 -7 41
-1 -1 40 -1 -1 41
-1 -7 41 -1 -7 40
-1 -1 40 -1 -7 40
-1 -1 41 -1 -7 41
-7 -1 40 -7 -1 41
-7 -7 41 -7 -7 40
-7 -1 40 -7 -7 40
-7 -1 41 -7 -7 41
-7 -7 40 -7 -7 41
-1 -7 41 -1 -7 40
-1 -7 40 -7 -7 40
-1 -7 41 -7 -7 41
-7 -1 40 -7 -1 41
-1 -1 41 -1 -1 40
-1 -1 40 -7 -1 40
-1 -1 41 -7 -1 41
-1 1 38 -1 7 38
-7 7 38 -7 1 38
-1 1 38 -7 1 38
-7 7 38 -1 7 38
-1 1 39 -1 7 39
-7 7 39 -7 1 39
-1 1 39 -7 1 39
-7 7 39 -1 7 39
-1 1 38 -1 1 39
-1 7 39 -1 7 38
-1 1 38 -1 7 38
-1 1 39 -1 7 39
-7 1 38 -7 1 39
-7 7 39 -7 7 38
-7 1 38 -7 7 38
-7 1 39 -7 7 39
-7 7 38 -7 7 39
-1 7 39 -1 7 38
-1 7 38 -7 7 38
-1 7 39 -7 7 39
-7 1 38 -7 1 39
-1 1 39 -1 1 38
-1 1 38 -7 1 38
-1 1 39 -7 1 39
-1 1 40 -1 7 40
-7 7 40 -7 1 40
-1 1 40 -7 1 40
-7 7 40 -1 7 40
-1 1 41 -1 7 41
-7 7 41 -7 1 41
-1 1 41 -7 1 41
-7 7 41 -1 7 41
-1 1 40 -1 1 41
-1 7 41 -1 7 40
-1 1 40 -1 7 40
-1 1 41 -1 7 41
-7 1 40 -7 1 41
-7 7 41 -7 7 40
-7 1 40 -7 7 40
-7 1 41 -7 7 41
-7 7 40 -7 7 41
-1 7 41 -1 7 40
-1 7 40 -7 7 40
-1 7 41 -7 7 41
-7 1 40 -7 1 41
-1 1 41 -1 1 40
-1 1 40 -7 1 40
-1 1 41 -7 1 41
1 -1 38 1 -7 38
7 -7 38 7 -1 38
1 -1 38 7 -1 38
7 -7 38 1 -7 38
1 -1 39 1 -7 39
7 -7 39 7 -1 39
1 -1 39 7 -1 39
7 -7 39 1 -7 39
1 -1 38 1 -1 39
1 -7 39 1 -7 38
1 -1 38 1 -7 38
1 -1 39 1 -7 39
7 -1 38 7 -1 39
7 -7 39 7 -7 38
7 -1 38 7 -7 38
7 -1 39 7 -7 39
7 -7 38 7 -7 39
1 -7 39 1 -7 38
1 -7 38 7 -7 38
1 -7 39 7 -7 39
7 -1 38 7 -1 39
1 -1 39 1 -1 38
1 -1 38 7 -1 38
1 -1 39 7 -1 39
1 -1 40 1 -7 40
7 -7 40 7 -1 40
1 -1 40 7 -1 40
7 -7 40 1 -7 40
1 -1 41 1 -7 41
7 -7 41 7 -1 41
1 -1 41 7 -1 41
7 -7 41 1 -7 41
1 -1 40 1 -1 41
1 -7 41 1 -7 40
1 -1 40 1 -7 40
1 -1 41 1 -7 41
7 -1 40 7 -1 41
7 -7 41 7 -7 40
7 -1 40 7 -7 40
7 -1 41 7 -7 41
7 -7 40 7 -7 41
1 -7 41 1 -7 40
1 -7 40 7 -7 40
1 -7 41 7 -7 41
7 -1 40 7 -1 41
1 -1 41 1 -1 40
1 -1 40 7 -1 40
1 -1 41 7 -1 41