1 1 38 1 7 38
1 1 38 7 1 38
7 7 38 1 7 38
7 7 38 7 1 38
1 1 44 1 7 44
1 1 44 7 1 44
7 7 44 1 7 44
7 7 44 7 1 44
1 1 38 1 1 44
1 7 38 1 7 44
7 1 38 7 1 44
7 7 38 7 7 44
-1 1 38 -1 7 38
-1 1 38 -7 1 38
-7 7 38 -1 7 38
-7 7 38 -7 1 38
-1 1 44 -1 7 44
-1 1 44 -7 1 44
-7 7 44 -1 7 44
-7 7 44 -7 1 44
-1 1 38 -1 1 44
-1 7 38 -1 7 44
-7 1 38 -7 1 44
-7 7 38 -7 7 44
-1 -1 38 -1 -7 38
-1 -1 38 -7 -1 38
-7 -7 38 -1 -7 38
-7 -7 38 -7 -1 38
-1 -1 44 -1 -7 44
-1 -1 44 -7 -1 44
-7 -7 44 -1 -7 44
-7 -7 44 -7 -1 44
-1 -1 38 -1 -1 44
-1 -7 38 -1 -7 44
-7 -1 38 -7 -1 44
-7 -7 38 -7 -7 44
1 -1 38 1 -7 38
1 -1 38 7 -1 38
7 -7 38 1 -7 38
7 -7 38 7 -1 38
1 -1 44 1 -7 44
1 -1 44 7 -1 44
7 -7 44 1 -7 44
7 -7 44 7 -1 44
1 -1 38 1 -1 44
1 -7 38 1 -7 44
7 -1 38 7 -1 44
7 -7 38 7 -7 44
1 1 30 1 7 30
1 1 30 7 1 30
7 7 30 1 7 30
7 7 30 7 1 30
1 1 36 1 7 36
1 1 36 7 1 36
7 7 36 1 7 36
7 7 36 7 1 36
1 1 30 1 1 36
1 7 30 1 7 36
7 1 30 7 1 36
7 7 30 7 7 36
-1 1 30 -1 7 30
-1 1 30 -7 1 30
-7 7 30 -1 7 30
-7 7 30 -7 1 30
-1 1 36 -1 7 36
-1 1 36 -7 1 36
-7 7 36 -1 7 36
-7 7 36 -7 1 36
-1 1 30 -1 1 36
-1 7 30 -1 7 36
-7 1 30 -7 1 36
-7 7 30 -7 7 36
-1 -1 30 -1 -7 30
-1 -1 30 -7 -1 30
-7 -7 30 -1 -7 30
-7 -7 30 -7 -1 30
-1 -1 36 -1 -7 36
-1 -1 36 -7 -1 36
-7 -7 36 -1 -7 36
-7 -7 36 -7 -1 36
-1 -1 30 -1 -1 36
-1 -7 30 -1 -7 36
-7 -1 30 -7 -1 36
-7 -7 30 -7 -7 36
1 -1 30 1 -7 30
1 -1 30 7 -1 30
7 -7 30 1 -7 30
7 -7 30 7 -1 30
1 -1 36 1 -7 36
1 -1 36 7 -1 36
7 -7 36 1 -7 36
7 -7 36 7 -1 36
1 -1 30 1 -1 36
1 -7 30 1 -7 36
7 -1 30 7 -1 36
7 -7 30 7 -7 36